33501;Rose Harmon;11/06/2013;00:53:49;PXL;lost are;9;CLOSED
33502;Marie Hendrix;17/08/2008;22:27:43;Cegeka;are wrong with window when;1;IGNORE
33503;Sarah Murray;25/10/2003;16:16:21;T-Network;;8;CLOSED
33504;Tina Elliott;05/01/2003;00:58:47;PXL;keys rabbit automatically;8;IGNORE
33505;Elaine Dennis;25/05/2014;21:34:14;Mobistart;on it light to library sofa of;6;OPEN
33506;Jonathon Chambers;25/05/2009;20:40:34;Proximus;;3;IGNORE
33507;Ashley Lewis;03/09/2016;20:00:06;ACA-IT;;4;CLOSED
33508;Gloria Perry;28/08/2004;05:33:30;XCOMM;dad hold is;4;IGNORE
33509;Natasha Bush;12/08/2006;12:58:37;T-Network;room where waited when else good sacrifice;10;IN PROGRESS
33510;Amanda Christensen;04/10/2009;02:58:04;Telenet;;1;OPEN
33511;Sarah Berg;03/10/2001;16:02:50;Yappa;generated hatch out light they it constantly;4;OPEN
33512;Martin Richard;01/12/2007;16:17:14;Yappa;warp white banging;4;OPEN
33513;Edward Kramer;07/07/2006;10:18:06;Yappa;should suspense;5;IGNORE
33514;Lance Dale;01/02/2008;10:41:02;Yappa;it want trees have;6;OPEN
33515;Gina Gibbs;29/06/2001;22:09:15;ACA-IT;sits;0;OPEN
33516;Vickie Herman;20/05/2012;12:37:52;XCOMM;crash so sill do;3;CLOSED
33517;Olivia Jacobson;26/02/2002;04:33:31;Mobistart;to died ghost had it had;4;IGNORE
33518;Trisha Carney;01/01/2001;05:06:09;PXL;have many white trees took generated in;10;CLOSED
33519;Lawrence Morris;24/07/2015;09:02:01;Proximus;find boon in captain;9;CLOSED
33520;Joey Kirk;13/02/2002;00:59:07;ACA-IT;hot room much room fire lock to;7;OPEN
33521;Anthony Ashley;24/10/2007;23:19:22;PXL;of library lock probably they;2;IN PROGRESS
33522;Wayne Clemons;22/11/2015;02:36:17;Cegeka;monster hat came good room asked;3;CLOSED
33523;Alyssa Warren;14/05/2012;19:59:20;T-Network;sidekick in;2;OPEN
33524;Candy Robertson;08/10/2004;13:04:16;Yappa;with;3;CLOSED
33525;Natasha Cabrera;25/08/2001;08:08:04;Proximus;captain sill want;5;OPEN
33526;Shaun Schwartz;14/12/2011;00:50:11;Mobistart;;4;CLOSED
33527;Mindy Roberson;08/11/2011;04:22:25;Yappa;web shepherd to badly much light;2;OPEN
33528;Jonathon Harrison;06/03/2004;19:49:51;Yappa;web secretly ill sacrifice a secretly find;7;OPEN
33529;Jeff Everett;31/01/2007;16:21:08;XCOMM;throw they hot;7;IGNORE
33530;Greg Holman;10/09/2002;01:19:13;Proximus;we days;10;OPEN
33531;Dave Middleton;06/12/2011;00:07:22;XCOMM;with from trying secretly;9;IGNORE
33532;Autumn Douglas;09/04/2004;23:30:57;Telenet;to to;9;OPEN
33533;Eric Vaughan;30/09/2007;13:12:20;Yappa;throw are days this from fire;6;OPEN
33534;Sally Austin;09/07/2015;05:33:30;Cegeka;pique my open;1;OPEN
33535;Shanna Sutton;23/02/2008;20:59:01;Proximus;we of it's;3;OPEN
33536;Phillip Hurst;07/03/2016;15:35:37;Cegeka;to have code boon badly rabbit it;9;OPEN
33537;Gary Cummings;29/03/2001;11:24:22;T-Network;about;5;IGNORE
33538;Ruth Robertson;20/12/2009;00:40:08;Yappa;magnetic secretly always hatch;10;OPEN
33539;Patty Long;14/04/2008;22:37:29;XCOMM;do magnetic about leader waited;4;CLOSED
33540;Ashley Osborne;12/05/2001;11:58:04;Mobistart;always something had days this write while;7;CLOSED
33541;Debbie Buckner;10/07/2000;08:02:38;T-Network;dad in;2;OPEN
33542;Ken Gill;03/06/2011;17:05:58;ACA-IT;on code to;6;OPEN
33543;Eva Christian;05/10/2011;03:05:07;Eurosys;computer about magnetic;3;OPEN
33544;Evelyn Anderson;08/11/2006;16:17:35;PXL;interest asked assert generated moved;7;CLOSED
33545;Brad Arnold;10/11/2014;03:08:01;ACA-IT;generated or maybe hat smoke world my is;2;IN PROGRESS
33546;Ted Stone;25/01/2009;05:45:37;Yappa;it's;9;OPEN
33547;Stacey Fitzgerald;21/10/2012;11:10:13;ACA-IT;through dad visions trees good;0;IGNORE
33548;Jackie Simmons;02/03/2015;05:56:35;Mobistart;demanded through world to it;2;OPEN
33549;Alice Shaffer;23/12/2012;23:06:06;PXL;others pull throw headphones;8;OPEN
33550;Robbie Valentine;24/10/2001;19:03:51;Yappa;have;7;CLOSED
33551;Krista Kirk;24/08/2011;13:51:12;Cegeka;;1;IN PROGRESS
33552;Daniel Reese;01/12/2005;00:36:42;XCOMM;until;7;IN PROGRESS
33553;Jeremy Austin;15/05/2016;18:12:37;XCOMM;came numbers;7;CLOSED
33554;Lois Casey;01/07/2007;12:15:30;Cegeka;ill headphones do window lost;0;OPEN
33555;Rocky Woods;12/11/2013;22:16:25;Mobistart;what numbers always man demanded a;1;IN PROGRESS
33556;Elaine Short;15/04/2008;21:47:08;Mobistart;throw in sofa are hot find;4;IGNORE
33557;Toni Humphrey;04/04/2014;10:11:49;XCOMM;hot to visions they;8;OPEN
33558;Candy Poole;03/06/2003;00:44:50;Telenet;words end list good to until;0;OPEN
33559;Roger Crawford;04/04/2008;04:27:52;Eurosys;of;4;IN PROGRESS
33560;Doug Mercer;09/10/2011;00:00:31;Cegeka;will when are pique as or from;0;OPEN
33561;Stacey Lopez;25/08/2013;03:51:39;Eurosys;trees;8;IGNORE
33562;Christine Bell;29/09/2009;19:57:07;ACA-IT;code while write it with;6;IN PROGRESS
33563;Lindsay Higgins;17/10/2015;18:46:23;Mobistart;handled have hatch what;1;OPEN
33564;Dennis Barnes;08/09/2000;03:24:00;Mobistart;to many room text with badly;6;OPEN
33565;Carolyn Olsen;05/11/2009;18:30:20;ACA-IT;island dreams of island ghost out asked;2;IGNORE
33566;Roger Cotton;13/02/2010;09:49:02;PXL;captain;5;CLOSED
33567;Jeremy Skinner;14/05/2014;15:46:33;Telenet;web assert a warp;5;OPEN
33568;Erika Bradley;31/07/2010;15:47:57;XCOMM;died always is;7;OPEN
33569;Sarah Woods;26/02/2013;23:37:08;Mobistart;room;3;IGNORE
33570;Heather Bowers;03/05/2001;09:24:48;ACA-IT;waited build suspense build captain until;10;OPEN
33571;Jack Herring;21/04/2007;03:19:49;Yappa;ghost the will it ending have;9;IGNORE
33572;Jennifer Coleman;17/10/2000;03:25:55;Eurosys;words with of to;0;OPEN
33573;Jamie Charles;02/01/2015;17:19:29;Telenet;banging;9;IN PROGRESS
33574;Rebecca Prince;04/11/2011;16:24:15;T-Network;trees ship lost headphones hat who;1;OPEN
33575;Brad Sandoval;13/04/2001;13:56:54;Yappa;sill with we web ball while;0;IGNORE
33576;Beverly Stewart;26/11/2005;18:17:48;T-Network;badly;5;IGNORE
33577;Darren Ortiz;26/06/2002;16:57:07;Mobistart;fire;5;IGNORE
33578;Bill Bolton;24/08/2011;06:07:02;Telenet;sacrifice good days throw it find it;7;IGNORE
33579;Todd Sharpe;16/05/2005;02:58:32;Proximus;;3;OPEN
33580;Alexis Carney;04/11/2010;13:30:24;Telenet;pique in of do or maybe have;0;IGNORE
33581;Denise Mullen;19/11/2013;14:50:25;Proximus;hat warp in in came magnetic;7;OPEN
33582;Brett Bailey;16/05/2005;02:50:15;PXL;want code took about was;9;IN PROGRESS
33583;Zachary Stone;25/02/2015;07:44:48;Eurosys;secretly ends;3;IGNORE
33584;Max Carr;18/02/2010;07:24:35;PXL;have room visions dreams are;6;OPEN
33585;Carmen O'neill;14/04/2001;10:19:40;T-Network;pique asked red in ill;4;OPEN
33586;Billie Middleton;05/09/2012;23:11:17;Mobistart;they as library of;1;IGNORE
33587;Larry Hubbard;21/10/2006;09:28:30;T-Network;found;4;OPEN
33588;Timothy McGowan;05/09/2009;01:13:39;Mobistart;of island keys;5;IGNORE
33589;Jenna Humphrey;24/03/2007;08:36:33;Yappa;of island until assert shepherd;1;CLOSED
33590;Patty Blankenship;15/09/2016;06:53:40;Telenet;lost lost are my probably;8;OPEN
33591;Steven Fowler;23/08/2001;19:35:09;Yappa;light moved computer no keys it's;6;CLOSED
33592;Dakota Wade;02/10/2010;06:04:31;PXL;island sill they cold computer hold to;9;CLOSED
33593;Cheryl Serrano;04/09/2016;22:48:26;PXL;always what sofa as hid hat trees;1;IN PROGRESS
33594;Penny Drake;28/04/2012;17:19:06;Eurosys;my to I;5;CLOSED
33595;Chase Bell;27/02/2009;08:57:43;Mobistart;it;8;CLOSED
33596;Rachel Parsons;22/04/2010;06:20:50;Eurosys;;1;IGNORE
33597;Matthew Thompson;15/10/2001;02:14:13;Yappa;lost of build rescue this this no;3;IN PROGRESS
33598;Vivian Sloan;07/05/2002;06:44:31;Yappa;trying do secretly demanded have;2;IN PROGRESS
33599;Darren Cote;30/06/2009;15:54:24;Proximus;;1;IN PROGRESS
33600;Dorothy Barlow;10/07/2001;01:38:59;Mobistart;;1;IGNORE
33601;Tina Kline;24/10/2009;20:11:13;Cegeka;;9;CLOSED
33602;Donald Herman;12/08/2006;01:00:06;T-Network;my in;8;CLOSED
33603;Tristan Mitchell;27/08/2012;00:48:29;Yappa;with demanded always ends;3;CLOSED
33604;Clint Rosa;22/11/2008;08:09:18;Proximus;;1;IN PROGRESS
33605;Rob Neal;13/04/2005;08:50:36;T-Network;constantly it moved lost lost wicket build;6;IGNORE
33606;Molly Phillips;12/05/2006;18:14:15;ACA-IT;about secretly text throw it it's want;3;CLOSED
33607;Benjamin Stevens;21/08/2004;06:27:58;Proximus;automatically hatch end always what computer;9;OPEN
33608;Jay Bond;07/08/2005;15:35:18;XCOMM;web end of constantly a web;1;IN PROGRESS
33609;Wesley Dominguez;06/08/2015;18:36:47;Proximus;;3;IGNORE
33610;Kelly Potts;26/11/2008;09:07:04;Yappa;window wicket good shepherd ending headphones;7;IN PROGRESS
33611;Joey Brown;07/03/2004;11:38:17;Yappa;had;7;OPEN
33612;Sheila Wilkerson;03/11/2011;07:59:55;Cegeka;ghost;0;IN PROGRESS
33613;Arthur Gonzales;18/07/2006;03:33:00;Cegeka;;7;OPEN
33614;Josh Molina;09/11/2016;19:53:30;ACA-IT;it cold;10;OPEN
33615;Sher Obrien;07/01/2013;01:27:57;XCOMM;show I fire we light until;4;OPEN
33616;Barb McKnight;28/05/2010;00:32:03;Cegeka;;5;IN PROGRESS
33617;Fred Green;21/08/2009;09:36:41;Mobistart;;5;CLOSED
33618;Floyd Gentry;23/11/2005;08:17:18;ACA-IT;hold list the will trying captain;10;OPEN
33619;Kendra Melton;09/02/2006;03:51:03;T-Network;code while in ill hatch;4;OPEN
33620;Thelma Gay;09/01/2000;01:00:30;Proximus;words to ends handled else handled to;6;IN PROGRESS
33621;Adam Dean;10/02/2004;16:17:03;T-Network;headphones words my should sidekick something;9;IN PROGRESS
33622;Marty Adams;24/08/2009;13:43:26;Eurosys;when throw words;0;OPEN
33623;Shane Dunlap;15/05/2009;01:13:46;Telenet;pique computer on good do;2;IN PROGRESS
33624;Savannah Williamson;24/10/2004;01:52:02;Telenet;on do captain they to hat;7;CLOSED
33625;Carmen Casey;07/03/2004;13:58:23;Telenet;so throw else find about;0;CLOSED
33626;Dixie Francis;23/01/2013;17:42:07;Mobistart;it computer trees we with hatch;6;OPEN
33627;Michael Bowman;11/12/2015;04:12:10;PXL;computer was;6;IGNORE
33628;Olivia Bailey;15/09/2013;10:08:57;Eurosys;while caves worn sacrifice open secretly do;6;IGNORE
33629;Dave Fernandez;17/03/2012;01:26:08;XCOMM;trying they on dreams trees;7;OPEN
33630;Brady Estrada;15/11/2014;10:33:48;XCOMM;white with who;5;IGNORE
33631;Laura Barnes;15/08/2009;17:31:28;Proximus;secretly lock I about banging waited ends;5;OPEN
33632;Angie Sims;15/06/2001;02:28:50;Yappa;suspense computer secretly suspense pull days;7;IGNORE
33633;Brandi Pearson;05/08/2016;18:23:03;Proximus;room plane;3;OPEN
33634;Don Shelton;05/06/2012;18:50:18;Telenet;or maybe;3;CLOSED
33635;Catherine Copeland;30/06/2008;03:42:16;ACA-IT;about do ending build;0;IGNORE
33636;Angela Gates;07/06/2001;08:34:01;Proximus;probably;8;OPEN
33637;Pamela Pollard;19/03/2002;08:01:12;XCOMM;on so boon;6;CLOSED
33638;Robbie Hogan;23/12/2005;01:38:08;Eurosys;words of white do sacrifice is;7;IN PROGRESS
33639;Kristen Obrien;02/06/2016;21:23:02;Yappa;through sits;2;CLOSED
33640;Jasmine Taylor;15/12/2002;13:39:12;Mobistart;from is;4;IGNORE
33641;Peggy Branch;14/06/2001;06:40:19;Proximus;sofa books red came;9;OPEN
33642;Carolyn Preston;14/08/2001;02:18:03;Proximus;web no enter;5;CLOSED
33643;Holly Pearson;18/08/2007;15:13:03;Proximus;rescue the assert sidekick;10;OPEN
33644;Kristin Pruitt;18/12/2008;10:21:09;Proximus;books write;9;IGNORE
33645;Marion William;17/06/2012;09:49:48;T-Network;list computer keys banging code always;6;OPEN
33646;Kylie Baird;05/08/2013;09:09:41;PXL;;0;OPEN
33647;Tashia Murphy;28/09/2002;07:29:30;Cegeka;island to;7;IN PROGRESS
33648;Russell Sweet;24/06/2004;22:00:02;Yappa;;0;OPEN
33649;Jennifer Jones;05/01/2012;20:51:02;Cegeka;;7;CLOSED
33650;Breanna Camacho;13/08/2006;06:59:49;Eurosys;numbers hatch;8;IGNORE
33651;Rachael Landry;03/11/2014;11:07:10;Proximus;to the find generated;1;IGNORE
33652;Levi Stephens;01/11/2008;20:27:21;Cegeka;headphones;7;OPEN
33653;Pam Cooke;12/05/2002;23:50:16;Cegeka;ship suspense in light;0;IN PROGRESS
33654;Wendy Avery;21/11/2001;20:27:03;PXL;generated window sacrifice sidekick pique constantly in;9;IGNORE
33655;Karen Vang;06/02/2002;04:35:24;ACA-IT;they generated visions it we shepherd code;1;IGNORE
33656;Kristy Campos;22/02/2004;10:13:46;ACA-IT;it's sidekick constantly rescue came;7;IN PROGRESS
33657;Colton Dillard;11/04/2010;06:16:23;Mobistart;hold;7;IGNORE
33658;Jessica Tanner;19/08/2008;20:37:47;Proximus;no who to assert moved to demanded;4;IGNORE
33659;Francis Hoover;15/07/2008;13:37:06;Eurosys;is dad open ill;1;IN PROGRESS
33660;Loretta Bradley;12/03/2001;13:54:30;Cegeka;end worn library monster on;3;IN PROGRESS
33661;Floyd McFadden;04/11/2008;23:52:43;XCOMM;my build my trees automatically;6;CLOSED
33662;Juanita Bryan;31/05/2015;10:33:31;T-Network;numbers;2;CLOSED
33663;Curtis Hansen;17/02/2011;04:10:46;Proximus;want open my have red or maybe in;10;IN PROGRESS
33664;Russell Rivera;14/02/2008;07:41:05;Proximus;numbers ghost smoke came;3;OPEN
33665;Billy Ramsey;21/02/2008;18:57:35;Telenet;constantly do generated as;7;OPEN
33666;Roxanne Matthews;30/06/2015;08:50:33;Telenet;they in monster from;0;IN PROGRESS
33667;Kenneth Preston;23/08/2006;06:20:12;Cegeka;trees banging;5;IN PROGRESS
33668;Nicole Becker;10/02/2013;08:28:18;Mobistart;so;6;CLOSED
33669;Sally Macias;02/12/2014;17:45:36;Mobistart;they in what will speed;9;IGNORE
33670;Charles Kirby;10/06/2009;11:47:04;Eurosys;pull hot;10;IGNORE
33671;Nicholas Dillon;20/02/2000;14:18:10;Eurosys;of;6;CLOSED
33672;Tabatha Lee;04/01/2002;17:06:48;XCOMM;of magnetic is are fire came enter;2;IGNORE
33673;Alicia Pacheco;23/05/2001;18:08:19;Yappa;trees have visions;1;IN PROGRESS
33674;Danny Lott;23/09/2011;22:45:54;Eurosys;no magnetic;1;IGNORE
33675;Rebecca Valdez;16/07/2000;17:11:29;Telenet;it it suspense;10;IGNORE
33676;Blake Duffy;28/04/2013;17:05:25;XCOMM;asked library light show ill;9;OPEN
33677;Randall Chapman;15/09/2015;11:09:11;T-Network;;10;IGNORE
33678;Rhonda Riggs;23/07/2004;10:15:40;XCOMM;much generated of lots end ending;0;IGNORE
33679;Michelle Ortega;08/12/2007;23:34:06;Cegeka;of throw wicket find will while;8;CLOSED
33680;Andrew Gilliam;11/12/2015;18:51:49;XCOMM;ends show books of ghost of of;7;IGNORE
33681;David Irwin;22/08/2007;18:13:53;Proximus;window from enter what discovered many;4;IN PROGRESS
33682;Kimberly Henson;01/11/2002;09:33:19;XCOMM;who have lost of do as;2;CLOSED
33683;Tommy Graham;21/01/2014;22:03:56;PXL;what should trees they with through on;7;IGNORE
33684;Marty Petty;23/12/2010;04:27:52;Mobistart;;2;CLOSED
33685;Carol Patterson;28/06/2005;01:25:55;Proximus;island so books crash;4;IN PROGRESS
33686;Carmen Thornton;10/04/2012;16:39:33;Eurosys;show lost;0;OPEN
33687;Martin Gregory;03/02/2005;17:38:59;PXL;keys island;8;IGNORE
33688;Katelyn Deleon;18/01/2004;21:07:18;Eurosys;crash sill badly demanded this what;5;CLOSED
33689;David Velez;18/10/2002;21:28:55;Yappa;else had have demanded constantly of;3;OPEN
33690;Christian Simpson;09/08/2002;18:56:29;Cegeka;should;10;OPEN
33691;Lawrence Webster;26/09/2010;06:43:03;Eurosys;of discovered out trees dad;6;CLOSED
33692;Ted McDonald;04/01/2011;09:18:15;Telenet;end should ghost;10;OPEN
33693;Kylie Martin;15/02/2004;04:46:48;Proximus;;0;OPEN
33694;Ralph Buckley;05/06/2004;16:43:44;Telenet;;4;IN PROGRESS
33695;Brett Sheppard;26/08/2003;00:39:15;Mobistart;lock;6;IN PROGRESS
33696;Paula Fernandez;13/07/2011;23:40:07;Telenet;of code while is through;10;IN PROGRESS
33697;Arthur Frazier;19/06/2015;20:33:54;T-Network;;0;IN PROGRESS
33698;Randall Bradley;03/12/2012;15:08:40;Telenet;hold library;0;CLOSED
33699;Matthew Neal;28/02/2015;15:55:35;PXL;lock until man found crash came will;7;OPEN
33700;Vivian Burgess;01/02/2012;23:47:57;PXL;;1;IN PROGRESS
33701;Deborah Haney;20/02/2015;06:52:55;XCOMM;ghost came they room speed;1;CLOSED
33702;Matthew Meadows;02/11/2003;17:10:41;Proximus;list as sofa sidekick until;10;OPEN
33703;Martha Chan;07/02/2012;08:05:28;Telenet;open pull have on;8;CLOSED
33704;Nathan McMillan;10/06/2016;17:09:05;Proximus;to throw this where;7;IGNORE
33705;Tyrone Nicholson;27/09/2004;04:05:28;Proximus;;1;IN PROGRESS
33706;Rose Vargas;10/08/2001;06:40:56;Telenet;sacrifice crash open days days waited demanded;2;IGNORE
33707;Joshua Watson;31/07/2011;10:12:25;Telenet;hatch or;8;IN PROGRESS
33708;Dana Kirk;11/05/2002;21:40:32;Mobistart;room pique web secretly handled it headphones;10;IGNORE
33709;Christopher Washington;05/08/2007;00:39:12;T-Network;much others;4;IGNORE
33710;Debra Marquez;21/07/2001;18:44:57;PXL;ends rescue hold to;0;CLOSED
33711;Judy Vang;28/09/2005;16:21:26;Telenet;hatch banging is speed interest world;8;IN PROGRESS
33712;Cody Wilson;05/04/2008;08:35:19;Mobistart;;5;OPEN
33713;Jade Miles;31/03/2016;06:00:35;Proximus;waited of to from;9;OPEN
33714;Tara Sharp;02/01/2005;05:20:03;Eurosys;;4;IGNORE
33715;Carol Mills;09/10/2010;23:03:19;Cegeka;build in so island room;6;IN PROGRESS
33716;Clifford Everett;07/04/2014;10:29:39;Eurosys;;10;IN PROGRESS
33717;Cory Cook;20/08/2013;20:33:34;Eurosys;books hat ship it's;2;OPEN
33718;Eric Arnold;29/06/2001;10:27:08;PXL;pique numbers always it constantly have pull;9;CLOSED
33719;Vincent Oliver;14/07/2003;22:51:57;Proximus;on visions with out it's world to;6;CLOSED
33720;Rachel Webster;07/09/2016;16:52:53;ACA-IT;generated lock end;3;IGNORE
33721;Andy Hess;04/08/2015;01:44:59;PXL;to a my ship hatch;4;OPEN
33722;Jamie Bryan;02/08/2000;08:44:41;Eurosys;television so list pull;8;IN PROGRESS
33723;Kristina Wyatt;05/01/2004;23:41:00;T-Network;automatically leader;0;IN PROGRESS
33724;Thelma Todd;25/05/2007;05:04:19;PXL;suspense it to;0;OPEN
33725;Harold Castro;16/02/2011;00:59:46;Cegeka;magnetic smoke fire to;3;OPEN
33726;Stacey Peters;28/02/2002;12:53:22;Telenet;in it it it good handled are;10;IN PROGRESS
33727;Janice Stanton;16/01/2003;00:25:07;Telenet;;0;CLOSED
33728;Shannon Hammond;27/01/2008;08:25:41;Yappa;about out do wicket captain open;2;IN PROGRESS
33729;Katelyn Dennis;09/08/2000;03:00:00;Telenet;island pull television;5;OPEN
33730;Stanley Trevino;20/11/2011;22:36:08;Cegeka;captain ill monster do computer;4;OPEN
33731;Danny Farley;24/11/2014;08:35:08;PXL;had moved always are to;8;OPEN
33732;Sherri Gutierrez;22/07/2010;18:17:20;PXL;probably ship;4;OPEN
33733;Vanessa Callahan;03/06/2010;10:48:01;Mobistart;;1;IN PROGRESS
33734;Robin Howard;07/04/2006;18:44:10;Mobistart;warp generated to have automatically I;3;IGNORE
33735;Tamara Mason;20/01/2011;01:36:01;Proximus;it I in;6;CLOSED
33736;Leonard Adkins;21/06/2006;07:52:49;ACA-IT;find lock;2;IGNORE
33737;Elaine Kent;01/11/2000;18:55:31;Yappa;they days hatch it trying lots;3;CLOSED
33738;Levi Peck;27/11/2010;16:27:37;Telenet;about white sill hold is suspense days;2;OPEN
33739;Patty Henderson;14/12/2008;11:29:12;ACA-IT;room assert always took;0;IN PROGRESS
33740;Kelly Parks;15/12/2013;04:19:38;T-Network;who people while crash who trying hold;4;IGNORE
33741;Joey Zamora;14/02/2003;17:50:53;T-Network;a words books;2;CLOSED
33742;Lacey Morse;02/08/2011;22:36:19;Cegeka;;7;IN PROGRESS
33743;Deanna Stanton;28/09/2006;16:32:37;T-Network;;3;IN PROGRESS
33744;Lois Figueroa;01/02/2011;01:13:23;Telenet;trees;5;IN PROGRESS
33745;Mickey Duncan;24/11/2006;03:09:10;Telenet;;7;IGNORE
33746;Douglas Arnold;17/02/2008;22:56:10;ACA-IT;pique boon while generated they rabbit do;1;IN PROGRESS
33747;Martin Banks;25/11/2009;00:11:35;Eurosys;island monster with lock trying others in;4;IGNORE
33748;Penny Ellison;24/03/2008;00:15:57;Proximus;is will of lots;10;IGNORE
33749;Angel Carroll;03/07/2016;20:40:25;T-Network;;8;CLOSED
33750;Austin Beasley;30/03/2010;05:51:59;XCOMM;always where;2;IGNORE
33751;Tyrone Foley;26/02/2015;14:33:14;T-Network;no or it;8;IGNORE
33752;Jonathon Hodges;30/12/2012;19:32:46;XCOMM;captain handled room enter I much;1;OPEN
33753;Dillon Velazquez;08/10/2014;11:33:20;XCOMM;they probably want it until we show;1;OPEN
33754;Don Ratliff;01/04/2012;07:46:03;XCOMM;;10;CLOSED
33755;Max Gallagher;26/12/2006;15:55:47;Telenet;plane to is trees to library;8;IGNORE
33756;Sherry Rivers;10/05/2005;01:31:54;XCOMM;rescue red;1;CLOSED
33757;Eric Silva;27/05/2007;10:09:08;PXL;came island rabbit dreams library are;5;IGNORE
33758;Lori Greene;05/09/2010;03:45:29;XCOMM;crash pull man;9;CLOSED
33759;Jessie Burch;24/10/2012;02:29:24;Telenet;find sill white of headphones;4;OPEN
33760;Felicia Rosa;28/08/2013;05:59:52;ACA-IT;the what found worn magnetic light smoke;7;OPEN
33761;Darlene Sanford;09/09/2015;12:00:57;Proximus;was no they found hold my throw;0;CLOSED
33762;Max French;01/11/2015;03:15:52;T-Network;else are sacrifice sacrifice light;5;CLOSED
33763;Faith Ortega;14/09/2004;05:44:11;Cegeka;dreams dad as discovered;7;CLOSED
33764;Doris Donaldson;13/11/2009;17:42:34;Telenet;what crash find many in computer;4;CLOSED
33765;Charlene Hart;15/04/2008;04:37:28;Yappa;list world build interest plane;9;IGNORE
33766;Evelyn Velazquez;12/04/2007;23:54:59;Cegeka;hot much the light generated;4;IN PROGRESS
33767;Tara Horn;07/07/2000;11:14:56;PXL;throw banging or;6;IN PROGRESS
33768;Jenna Hull;09/07/2006;03:35:39;XCOMM;;6;IN PROGRESS
33769;Duane Simmons;31/07/2005;10:16:25;Cegeka;this;5;CLOSED
33770;Jimmy Lamb;20/06/2013;21:55:25;Cegeka;else rescue rescue web rabbit from sidekick;8;OPEN
33771;Haley Porter;22/11/2014;18:59:19;Proximus;island to we found;4;CLOSED
33772;Wayne Kim;31/12/2015;18:18:39;Mobistart;no handled text hid of;7;CLOSED
33773;Peggy Kirby;12/05/2004;15:20:39;Cegeka;it keys leader;1;OPEN
33774;Father Graham;08/05/2005;08:16:40;Mobistart;no rescue from to demanded out rabbit;4;IN PROGRESS
33775;Terri Combs;17/06/2012;18:17:49;PXL;have wicket pull to trees assert;8;IN PROGRESS
33776;Jared McFarland;01/03/2011;11:25:15;Yappa;banging sill what out of web probably;0;OPEN
33777;Brenda McNeil;29/12/2006;04:07:40;XCOMM;headphones room with visions or maybe ending when;1;IGNORE
33778;Jodi Whitehead;14/04/2000;15:01:44;Cegeka;when assert trees computer discovered;1;IN PROGRESS
33779;Myron Gallegos;24/10/2000;18:20:15;T-Network;a computer was dreams island many;1;OPEN
33780;Patricia Chan;01/07/2006;02:19:51;ACA-IT;keys;6;IN PROGRESS
33781;Mary Head;13/11/2016;07:31:51;Proximus;have room the trees is;0;OPEN
33782;Alisha Sims;01/07/2004;09:18:52;ACA-IT;wicket on;1;IGNORE
33783;Summer Bullock;25/03/2005;12:30:42;Mobistart;secretly on was;4;CLOSED
33784;Pete Olsen;20/01/2006;00:58:57;Yappa;to sacrifice code plane what I fire;6;CLOSED
33785;Alissa Parker;28/01/2009;23:25:49;PXL;lots world hatch rescue;5;OPEN
33786;Karen Love;27/03/2005;11:03:10;Cegeka;sits sidekick lock no took;10;OPEN
33787;Peggy Levy;22/06/2009;12:55:51;Mobistart;was ends lost;10;CLOSED
33788;Dean Patterson;17/09/2004;22:19:02;ACA-IT;dad days when lock caves caves;9;IGNORE
33789;Maria Rhodes;19/02/2006;10:28:16;Cegeka;visions island else have;9;CLOSED
33790;Mother Callahan;01/04/2007;22:21:52;ACA-IT;to;2;IGNORE
33791;Phillip Carr;06/12/2014;06:18:07;Eurosys;;5;CLOSED
33792;Ronnie Acosta;21/09/2000;02:06:24;Telenet;always while will as many with find;1;IN PROGRESS
33793;Gina Maynard;05/04/2011;10:18:38;T-Network;dad worn numbers find books;9;OPEN
33794;Breanna Shepard;06/03/2001;11:33:22;Proximus;do numbers;9;IN PROGRESS
33795;Kristina Galloway;04/04/2008;20:43:49;Cegeka;rescue caves about we;1;IGNORE
33796;Dana Preston;02/08/2003;05:16:40;ACA-IT;so ill visions when found secretly rescue;0;CLOSED
33797;Virginia Roman;03/11/2001;07:54:13;Eurosys;ship the to list took ends monster;5;CLOSED
33798;Alicia Harrington;22/06/2003;09:07:58;ACA-IT;;2;CLOSED
33799;Gabriel Owens;16/12/2002;03:11:43;T-Network;;9;IN PROGRESS
33800;Tristan Luna;01/06/2007;21:42:43;XCOMM;about it with to ends while computer;7;CLOSED
33801;Harley Branch;27/08/2005;15:30:13;Telenet;cold of hat always;3;CLOSED
33802;Morgan Noble;06/10/2012;16:20:01;Proximus;;2;CLOSED
33803;Thomas Dillon;18/04/2016;08:15:49;XCOMM;fire island keys will ghost write;10;IGNORE
33804;Marty Bryant;21/06/2012;22:17:17;Proximus;books constantly sill;2;IGNORE
33805;Phyllis Smith;17/12/2002;21:01:11;Cegeka;what a have monster dad constantly to;8;OPEN
33806;Kris Holman;31/12/2006;03:50:02;ACA-IT;who build interest;0;IN PROGRESS
33807;Sandy Allen;18/07/2002;12:46:02;Yappa;lost do what speed lock sofa;4;IN PROGRESS
33808;Jordan Thomas;22/12/2009;16:41:16;Telenet;of what my sits end;6;IGNORE
33809;Kyle Mack;14/08/2005;00:43:45;Eurosys;;2;OPEN
33810;Ted Velasquez;20/11/2008;03:32:20;Proximus;throw find others computer want speed;3;CLOSED
33811;Gerald Bishop;06/05/2001;04:38:27;Yappa;so banging computer who code;10;OPEN
33812;Jessica Robles;05/02/2008;07:15:27;ACA-IT;until through died numbers build;9;IN PROGRESS
33813;Mother Stephenson;08/06/2001;15:40:50;Cegeka;;7;OPEN
33814;Jodi Fletcher;17/12/2012;06:56:53;Proximus;pull came;5;CLOSED
33815;Randall Hampton;27/02/2016;12:12:44;XCOMM;;6;CLOSED
33816;Mark Beard;14/07/2001;11:50:51;T-Network;with others as it's it's window;2;IN PROGRESS
33817;Jimmy Alford;06/10/2015;07:34:13;Yappa;code pull asked books caves or maybe;9;CLOSED
33818;Crystal Fitzgerald;02/01/2016;03:55:26;Eurosys;throw in is show others;4;CLOSED
33819;Erika Mercer;19/01/2001;17:52:50;ACA-IT;books to or maybe banging;8;CLOSED
33820;Randi Francis;27/02/2008;18:58:48;ACA-IT;smoke or it;4;OPEN
33821;Faith Moss;13/11/2015;18:32:09;Mobistart;text code television took probably open something;4;IGNORE
33822;Willie Clarke;29/05/2015;13:23:59;Yappa;else magnetic room code;0;CLOSED
33823;Zachary Calderon;07/08/2015;18:32:55;XCOMM;secretly enter a demanded something;2;IN PROGRESS
33824;Ralph Mullins;28/02/2007;04:55:19;Eurosys;it;1;IN PROGRESS
33825;Roberta Vang;22/11/2010;04:11:31;ACA-IT;sofa fire much window;8;IGNORE
33826;Patricia Finley;25/11/2015;15:13:41;Mobistart;open keys was of;6;IGNORE
33827;Eugene Mitchell;31/08/2005;19:39:35;Telenet;room something boon;4;OPEN
33828;Vanessa Leon;31/07/2000;07:00:40;Yappa;keys of came;3;OPEN
33829;Julie Fischer;29/04/2006;19:09:28;Proximus;ending this where build on;7;CLOSED
33830;Caleb Guerra;18/10/2013;20:29:34;Eurosys;it;10;IN PROGRESS
33831;Norma Thomas;18/02/2000;15:08:20;XCOMM;probably;5;CLOSED
33832;Herbert Barnes;18/03/2010;13:28:03;Cegeka;died to red numbers interest enter asked;6;CLOSED
33833;Casey Reilly;24/02/2007;14:39:02;PXL;many ill;4;OPEN
33834;Martin Blevins;04/09/2004;00:39:02;PXL;island;3;IGNORE
33835;Julia Lindsay;18/05/2016;08:59:36;Telenet;hid badly hid came;0;OPEN
33836;Taylor Bass;03/09/2004;07:49:10;PXL;wicket crash sits they to through to;8;IN PROGRESS
33837;Kathryn Gilbert;07/05/2007;08:11:58;Eurosys;of should constantly ghost;2;OPEN
33838;Johnny Young;27/06/2015;16:29:34;XCOMM;sill ship boon wicket;5;IGNORE
33839;Danny King;16/04/2014;01:53:09;Cegeka;text asked lots;5;OPEN
33840;Fred Garrett;29/01/2012;01:02:07;Yappa;else should when died about sits much;1;CLOSED
33841;Pamela Benton;19/09/2003;14:04:54;T-Network;who it;1;OPEN
33842;Vincent Lewis;29/05/2011;17:25:03;Eurosys;where it's want constantly do;1;CLOSED
33843;Kevin Pope;13/01/2009;17:34:11;Cegeka;to;0;CLOSED
33844;Felicia Knowles;22/11/2011;14:22:44;PXL;banging window warp find end red text;10;IGNORE
33845;Elizabeth Chandler;08/04/2016;23:40:31;Yappa;of rescue so keys keys;10;OPEN
33846;Randall Maddox;23/06/2007;16:31:03;Proximus;suspense plane;2;IN PROGRESS
33847;Tracey Rogers;11/08/2006;12:29:55;T-Network;;5;CLOSED
33848;Harry Cannon;18/12/2009;07:00:30;PXL;with will library until boon boon;0;CLOSED
33849;Doris Chen;02/10/2003;10:42:29;T-Network;it hat it assert;8;IGNORE
33850;Natasha Duke;18/08/2004;07:41:10;PXL;captain sidekick ends will captain red;3;OPEN
33851;Kaitlyn Cote;07/02/2016;22:20:34;XCOMM;;5;IN PROGRESS
33852;Hope Duran;28/02/2002;15:00:14;Telenet;hatch something good should dad lock;3;IN PROGRESS
33853;Sarah Glover;12/11/2002;14:01:52;XCOMM;no ill in trees days;8;CLOSED
33854;Shannon Knowles;30/01/2007;17:48:48;Telenet;plane else red ends red throw code;5;OPEN
33855;Monica McKenzie;21/04/2006;00:04:35;PXL;do;10;OPEN
33856;Caleb Mitchell;07/11/2004;15:51:11;Mobistart;badly have;8;IGNORE
33857;Wayne Franco;13/07/2010;14:49:19;Eurosys;do waited so open write hat they;3;OPEN
33858;Jimmy Parrish;22/05/2006;08:24:31;Yappa;red to else out secretly;2;IN PROGRESS
33859;Benjamin Robles;13/09/2016;14:22:20;Mobistart;library library;0;OPEN
33860;Arthur Randall;25/09/2014;20:07:08;PXL;lost captain keys;6;IN PROGRESS
33861;Victor Brock;25/01/2001;03:03:18;T-Network;open computer;0;CLOSED
33862;Kay Vaughan;22/12/2000;22:21:07;Cegeka;trying through worn moved;2;IN PROGRESS
33863;Carla Lloyd;03/01/2015;10:22:07;Eurosys;on of;0;IN PROGRESS
33864;Michelle Weaver;11/11/2011;18:17:27;T-Network;waited ghost show many hat;0;IN PROGRESS
33865;Christina Fischer;10/02/2000;12:38:17;XCOMM;what white books to words;6;IGNORE
33866;Jade Acevedo;10/12/2016;08:48:19;PXL;hold;1;OPEN
33867;Todd Fisher;09/09/2000;03:23:43;Eurosys;lost trying build list dreams caves;7;CLOSED
33868;Susan Compton;28/04/2009;20:21:29;Telenet;to ship or maybe always boon want assert;1;OPEN
33869;Tonya Pena;01/01/2003;02:02:27;PXL;want of probably they demanded;9;IGNORE
33870;Mike Moss;06/06/2016;20:43:19;Telenet;books;10;IN PROGRESS
33871;Matt Matthews;07/04/2005;19:12:28;XCOMM;banging headphones was crash island ill;1;CLOSED
33872;Robin McNeil;03/05/2015;11:40:29;Mobistart;in open;7;IGNORE
33873;Debra McKee;29/02/2004;14:50:44;XCOMM;sacrifice in;1;OPEN
33874;Brenda Stevens;09/05/2012;10:36:33;ACA-IT;end captain trees to have;10;IGNORE
33875;Ruth Molina;12/02/2005;06:45:26;Telenet;banging web it;10;CLOSED
33876;Kristina Rosales;30/03/2015;01:50:12;Telenet;crash on text about hot sits show;3;IN PROGRESS
33877;Kristy Ortega;15/01/2011;10:19:41;ACA-IT;where it keys;9;OPEN
33878;Debra Lawrence;11/05/2016;21:54:46;Eurosys;dad with moved enter text;9;OPEN
33879;Christoph Rose;22/10/2008;00:01:32;ACA-IT;asked ball text always;8;CLOSED
33880;Becky Hancock;10/03/2014;11:35:53;Proximus;captain probably;1;OPEN
33881;Ann Sherman;04/02/2011;10:59:39;XCOMM;they ends rescue;10;CLOSED
33882;Dave Hoffman;25/12/2003;09:07:20;Yappa;they to world;4;IN PROGRESS
33883;Bobbie Sanders;11/10/2002;23:22:44;XCOMM;warp the;5;IGNORE
33884;Max Durham;03/05/2008;14:40:09;PXL;plane;4;IN PROGRESS
33885;Sam Ross;16/03/2016;05:30:05;Cegeka;hot dreams to as much;6;IN PROGRESS
33886;Eva Conway;09/01/2006;04:21:46;XCOMM;computer open end found red came cold;10;IGNORE
33887;Tabitha Terry;25/05/2003;14:07:38;Proximus;hatch have is computer ball should it;1;IGNORE
33888;Evelyn Watson;26/11/2010;10:18:29;Eurosys;island ending rabbit we;2;OPEN
33889;Doris Lucas;13/02/2004;19:35:57;Yappa;;3;CLOSED
33890;Danny Grant;27/12/2002;12:51:09;T-Network;others pique have have are;1;IN PROGRESS
33891;Heather Stafford;05/08/2000;18:55:36;PXL;island sits;0;CLOSED
33892;Keith Blevins;06/04/2012;22:05:04;XCOMM;came write;5;OPEN
33893;Krista Simpson;12/04/2004;19:17:38;Yappa;sofa came to have what wicket;2;IN PROGRESS
33894;Carmen William;15/10/2015;12:32:14;ACA-IT;as asked we hot man web;10;OPEN
33895;Isaac Kinney;03/03/2016;10:45:23;Eurosys;room is as;0;IN PROGRESS
33896;Ron Rowland;03/08/2000;21:51:23;Telenet;visions lots when hatch rescue or maybe crash;8;IN PROGRESS
33897;Howard Roach;19/01/2009;16:55:05;XCOMM;secretly find as;6;IGNORE
33898;Danielle Kirk;26/03/2008;08:35:58;Telenet;automatically in plane plane;4;IGNORE
33899;Mitchell Johnston;25/04/2010;03:45:56;Mobistart;books waited books;2;IN PROGRESS
33900;Rachael Weiss;26/04/2009;02:45:35;Mobistart;captain died while should computer;7;IGNORE
33901;Dylan Galloway;18/07/2005;10:54:16;ACA-IT;room room they island leader assert;1;OPEN
33902;Thelma Hawkins;19/12/2000;11:57:16;Cegeka;while is came constantly;6;IGNORE
33903;Sandy Holt;01/12/2016;01:19:36;XCOMM;are interest waited rescue write;10;IN PROGRESS
33904;Kevin Floyd;14/10/2000;11:14:00;XCOMM;end headphones keys warp open;0;IN PROGRESS
33905;Caleb Bowman;09/05/2000;15:12:24;PXL;are;5;IGNORE
33906;Terri Ewing;02/02/2013;20:16:18;ACA-IT;hold badly enter automatically so;9;IN PROGRESS
33907;Nicholas Strong;29/12/2004;13:36:21;Proximus;pique window do wrong;6;IGNORE
33908;Nicole Dunn;28/08/2012;23:54:11;T-Network;cold;5;IGNORE
33909;Carol Pratt;26/10/2009;00:48:53;Yappa;;3;CLOSED
33910;Robbie Berg;08/10/2013;20:31:36;ACA-IT;asked sill dad monster automatically on badly;4;IN PROGRESS
33911;Alexis Marshall;09/10/2015;21:04:54;Telenet;;6;OPEN
33912;Lori Gregory;22/11/2007;00:44:38;Eurosys;hold it have constantly or to;1;CLOSED
33913;Faith Jackson;06/04/2007;12:10:11;ACA-IT;boon build have sofa world;10;OPEN
33914;Roy Todd;23/01/2011;21:42:47;Proximus;room write my to;8;CLOSED
33915;Elizabeth Kelley;11/06/2010;09:12:52;Eurosys;;8;CLOSED
33916;Katelyn Sherman;25/05/2012;19:58:56;Proximus;much pique warp;3;OPEN
33917;Sherry Kerr;29/05/2010;16:30:22;T-Network;came it something out are my;5;OPEN
33918;Summer Blackburn;22/10/2015;08:46:18;XCOMM;red hold badly with;8;IN PROGRESS
33919;Rachel Joyce;30/01/2008;10:09:23;Eurosys;is to;10;CLOSED
33920;Russ Crawford;15/04/2009;12:53:45;PXL;world sill;5;IGNORE
33921;Vickie Buck;12/02/2004;08:00:41;T-Network;asked as end;0;OPEN
33922;Jeremiah Dominguez;15/11/2014;15:43:42;Yappa;waited to do trees handled;6;IGNORE
33923;Sherry Boyd;26/08/2011;01:41:08;XCOMM;code code visions hold to;1;IGNORE
33924;Tessa Jimenez;30/06/2011;09:26:07;XCOMM;shepherd moved wicket when it in;0;OPEN
33925;Allen Harmon;15/03/2009;18:49:50;Yappa;much monster plane words end computer always;3;OPEN
33926;Leroy Chapman;05/04/2001;16:25:46;PXL;library in visions;4;IGNORE
33927;Willie Jacobs;29/12/2013;16:15:12;PXL;handled hat;1;IGNORE
33928;Mandy Young;06/12/2016;09:42:49;XCOMM;on secretly;3;IGNORE
33929;Matthew Farrell;16/02/2000;23:05:29;XCOMM;have;4;IGNORE
33930;Ted Stokes;02/07/2000;21:06:03;ACA-IT;throw lock magnetic suspense sill to;10;IGNORE
33931;Robin Benjamin;28/06/2002;02:49:15;Proximus;throw trees crash my where;7;IGNORE
33932;Ann Finley;06/11/2004;15:51:10;Telenet;shepherd to hatch discovered;9;IN PROGRESS
33933;Gabriel Scott;16/06/2014;00:44:35;XCOMM;about wrong to end to;9;IGNORE
33934;Bob Sweeney;15/08/2000;02:49:24;T-Network;computer;3;IGNORE
33935;Gage Sanders;19/10/2002;19:06:00;XCOMM;will what came ends a are ill;9;CLOSED
33936;Erica Howell;28/01/2011;11:48:28;T-Network;on white;6;IN PROGRESS
33937;Jimmy Mayer;28/06/2016;19:04:05;Telenet;a wicket do to something;8;CLOSED
33938;Raymond Shepherd;12/11/2000;12:35:36;T-Network;;6;IGNORE
33939;Kelsey Foster;14/09/2004;04:19:48;Yappa;else;1;OPEN
33940;Martha Jacobs;02/02/2013;15:43:40;ACA-IT;secretly;7;OPEN
33941;Ashley Barnes;14/01/2013;19:16:36;PXL;should build computer smoke;4;IGNORE
33942;Alan McConnell;22/01/2002;04:26:39;Proximus;captain build;4;OPEN
33943;Rose Joyner;22/11/2009;15:06:56;Yappa;dreams sacrifice;2;IN PROGRESS
33944;Katie Smith;09/05/2006;16:53:53;Eurosys;to do are who lots it;6;IGNORE
33945;Sue Armstrong;11/01/2013;08:06:07;XCOMM;so throw of while write;6;IGNORE
33946;Regina Woodward;07/07/2010;05:35:06;Yappa;sits banging lots much;1;IGNORE
33947;Nathan Norris;27/07/2004;11:14:10;T-Network;from white out people write hold to;5;IN PROGRESS
33948;Alan Contreras;26/07/2015;05:31:51;Cegeka;I room window cold sacrifice numbers;1;IGNORE
33949;Doug Howard;31/05/2001;09:52:29;Proximus;good demanded waited ship;7;CLOSED
33950;Walter Whitaker;09/09/2005;14:32:11;Yappa;find monster no show it as;5;CLOSED
33951;Bruce Levine;26/06/2010;16:42:56;Cegeka;;9;CLOSED
33952;Dave Vaughn;27/08/2016;20:25:22;Proximus;;3;OPEN
33953;Tina Wilkinson;18/10/2016;20:52:28;ACA-IT;secretly island fire of came days to;6;IN PROGRESS
33954;Edward Benson;02/04/2000;09:34:56;Mobistart;from;6;IN PROGRESS
33955;Kathryn Perez;11/05/2015;03:33:54;Telenet;hatch plane are hold until is hatch;7;OPEN
33956;Bryan Cervantes;31/10/2009;04:09:56;Yappa;ends lost;0;IGNORE
33957;Vanessa Green;01/05/2011;00:12:10;ACA-IT;much want wrong they open;4;OPEN
33958;Anna Conrad;19/07/2004;08:19:37;Eurosys;do of text hid are from hot;8;IN PROGRESS
33959;Martha Rodriquez;17/12/2006;10:06:40;ACA-IT;;10;IGNORE
33960;Karen Harmon;21/12/2009;19:50:24;Eurosys;with came lock are lost it's came;10;CLOSED
33961;Ron Dean;12/04/2002;19:44:21;T-Network;found enter;2;OPEN
33962;Sue Gould;10/03/2002;22:54:23;Mobistart;caves or visions;7;IGNORE
33963;Jon Guerrero;15/03/2001;16:40:44;Mobistart;they code show text about monster;4;OPEN
33964;Jasmine Langley;01/03/2004;22:51:34;ACA-IT;others it died to will to probably;9;IN PROGRESS
33965;Chasity Frost;13/08/2015;10:46:38;Cegeka;will;9;IGNORE
33966;Laura Moss;03/02/2012;20:25:05;PXL;on;0;IGNORE
33967;Abby Ware;12/04/2010;11:38:26;Eurosys;books until;10;OPEN
33968;Melinda Moreno;26/11/2001;03:37:29;Eurosys;waited;0;CLOSED
33969;Patricia Houston;01/06/2016;20:32:00;Telenet;;3;CLOSED
33970;Alexandra Benjamin;02/05/2004;08:32:24;XCOMM;always headphones in constantly else caves in;5;CLOSED
33971;James Bryan;23/03/2005;01:55:20;PXL;trying;2;OPEN
33972;Carla Duncan;26/05/2016;13:56:46;Cegeka;days island crash ship died;4;CLOSED
33973;Rita Head;27/09/2015;20:59:05;Eurosys;smoke to island it assert;9;IGNORE
33974;Jade Downs;25/10/2002;13:06:06;T-Network;have it's who until ball red;2;IN PROGRESS
33975;Madison Stanley;30/01/2005;19:54:45;Telenet;;4;IN PROGRESS
33976;Debra Robinson;17/07/2004;23:06:54;Proximus;died do is else;8;CLOSED
33977;Allen Merrill;01/05/2001;09:46:35;Proximus;secretly sacrifice badly others took boon boon;1;OPEN
33978;Monica Parsons;14/05/2009;21:50:23;PXL;computer;7;IGNORE
33979;Tonya McKinney;21/02/2015;13:58:04;Mobistart;web they window;1;OPEN
33980;Erica Pitts;24/09/2006;18:44:47;Mobistart;to computer cold;8;CLOSED
33981;Kyle Blackburn;11/05/2014;23:44:51;Mobistart;always cold I died on automatically;4;OPEN
33982;Jane Carey;18/11/2009;01:40:01;Yappa;days;7;CLOSED
33983;Carmen Swanson;09/11/2004;02:26:05;Cegeka;worn to ball;3;IN PROGRESS
33984;Chasity Shepherd;23/07/2016;19:11:08;Yappa;lock with my captain visions;2;CLOSED
33985;Amanda Case;24/08/2006;09:55:43;Proximus;enter hold or maybe where hatch;8;CLOSED
33986;Carrie Thomas;25/06/2010;20:43:11;Proximus;asked sill I;3;OPEN
33987;Travis Thomas;13/06/2001;05:45:08;Cegeka;lock something badly;7;CLOSED
33988;Hope Cummings;30/09/2005;05:27:21;Yappa;came smoke on;1;OPEN
33989;Juanita Pollard;19/06/2001;22:16:56;PXL;will banging banging died asked;1;OPEN
33990;Diane Simmons;17/06/2010;15:07:18;ACA-IT;room monster island sacrifice;8;IN PROGRESS
33991;Lois Kent;27/12/2010;11:42:17;Eurosys;hold rescue ship handled;7;CLOSED
33992;Ronald Buckner;10/05/2011;15:17:30;Proximus;web hold ghost throw ghost;3;IN PROGRESS
33993;Amy Humphrey;27/07/2014;02:04:38;Proximus;came list lock where open;7;OPEN
33994;Bill Jenkins;08/12/2016;22:10:20;Telenet;or maybe hid on wicket we or maybe;6;IGNORE
33995;Deborah Mayer;25/11/2015;11:05:56;Telenet;trying trying came ends the of;5;OPEN
33996;Tabitha Hays;29/01/2008;03:51:14;XCOMM;;6;OPEN
33997;Andrea Gardner;04/01/2012;10:32:51;T-Network;red lost;4;IGNORE
33998;Ashley Jones;30/01/2016;23:30:38;Cegeka;;0;IN PROGRESS
33999;Anthony Hamilton;16/09/2012;14:46:54;T-Network;is is list television with;0;IN PROGRESS
34000;Jesse Webster;13/11/2000;07:07:43;XCOMM;it's ends magnetic;10;CLOSED
